camera_matrix:
- [893.644285996535, 0.0, 384.38439829722927]
- [0.0, 1499.5836578037265, 147.98596262900642]
- [0.0, 0.0, 1.0]
dist_coeff:
- [13.56836234672997, -58.54091162692679, 0.45652960322180114, 1.2044127037161694,
  119.52387302520863]
